X,Y,Z,formation
1101681.919,1248465.898,840.4529,K1ls_ms
1101766.417,1248519.378,851.4397,K1ls_ms
1101817.116,1248551.466,829.4659,K1ls_ms
1101935.414,1248626.338,853.1746,K1ls_ms
1102079.06,1248717.253,875.7269,K1ls_ms
1102214.257,1248802.821,894.8341,K1ls_ms
1102459.301,1248957.912,925.5117,K1ls_ms
1102695.896,1249107.656,964.2962,K1ls_ms
1102932.49,1249257.399,986.3022,K1ls_ms
1103126.836,1249380.402,1014.637,K1ls_ms
1103354.98,1249524.798,1059.1985,K1ls_ms
1103574.675,1249663.845,1091.6338,K1ls_ms
1103752.121,1249776.153,1113.0541,K1ls_ms
1104005.615,1249936.592,1154.1583,K1ls_ms
1104216.86,1250070.291,1183.6907,K1ls_ms
1104470.354,1250230.73,1227.6806,K1ls_ms
1104690.049,1250369.778,1257.8173,K1ls_ms
1104825.246,1250455.345,1280.3958,K1ls_ms
1104960.443,1250540.913,1298.929,K1ls_ms

1108771.303,1252952.85,1561.5664,K1ls_ms
1109835.978,1253626.695,1560.3336,K1ls_ms
1109971.175,1253712.263,1545.2726,K1ls_ms
1111289.344,1254546.547,1551.232,K1ls_ms
1112108.975,1255065.301,1573.7945,K1ls_ms
1112269.521,1255166.912,1587.2892,K1ls_ms
1113156.751,1255728.45,1597.3959,K1ls_ms

1113241.249,1255781.929,1632.8559,K1ls_ms

1114212.976,1256396.947,1642.8139,K1ls_ms
1114432.671,1256535.994,1658.4465,K1ls_ms
1115091.755,1256953.136,1669.211,K1ls_ms


1101681.919,1248465.898,786.3214,K1ls_mm
1101766.417,1248519.378,800.8414,K1ls_mm
1101817.116,1248551.466,791.4462,K1ls_mm
1101952.313,1248637.034,811.9451,K1ls_mm
1102070.61,1248711.905,838.4232,K1ls_mm
1102180.458,1248781.429,856.3599,K1ls_mm
1102459.301,1248957.912,889.7436,K1ls_mm
1102712.795,1249118.351,923.1222,K1ls_mm
1103050.787,1249332.271,969.3071,K1ls_mm
1103329.631,1249508.754,1007.7974,K1ls_mm
1103616.924,1249690.585,1057.3948,K1ls_mm
1103861.968,1249845.676,1097.602,K1ls_mm
1104115.462,1250006.115,1130.1206,K1ls_mm
1104377.406,1250171.903,1164.333,K1ls_mm
1104614.001,1250321.646,1216.5014,K1ls_mm
1104850.595,1250471.389,1244.7264,K1ls_mm
1105028.041,1250583.697,1277.1831,K1ls_mm


1108720.605,1252920.762,1513.1314,K1ls_mm
1109007.898,1253102.594,1514.057,K1ls_mm
1109379.689,1253337.904,1515.6496,K1ls_mm
1109734.581,1253562.519,1517.3329,K1ls_mm
1109903.577,1253669.479,1511.4419,K1ls_mm
1109962.725,1253706.915,1509.7589,K1ls_mm
1110334.517,1253942.226,1513.1131,K1ls_mm
1110706.308,1254177.537,1512.2276,K1ls_mm
1110985.151,1254354.02,1513.0691,K1ls_mm
1111272.445,1254535.851,1512.2394,K1ls_mm
1111644.236,1254771.162,1517.3087,K1ls_mm
1112218.823,1255134.824,1525.7359,K1ls_mm
1112953.955,1255600.098,1547.6336,K1ls_mm
1113165.2,1255733.798,1550.1584,K1ls_mm


1114322.823,1256466.47,1603.8908,K1ls_mm
1114838.261,1256792.697,1611.5582,K1ls_mm
1115150.904,1256990.572,1647.9765,K1ls_mm


1110419.976,1255372.842,1501.5845,K1ls_ms
1110616.04,1254742.637,1521.6685,K1ls_ms
1110737.838,1254351.145,1529.485,K1ls_ms
1110877.459,1253902.363,1545.1624,K1ls_ms
1110984.403,1253558.614,1561.221,K1ls_ms
1111008.168,1253482.226,1564.634,K1ls_ms

1111028.963,1253415.386,1575.6512,K1ls_ms
1111141.848,1253052.54,1577.3738,K1ls_ms
1111227.997,1252775.632,1586.8645,K1ls_ms
1111299.293,1252546.466,1598.9366,K1ls_ms
1111447.827,1252069.038,1601.1045,K1ls_ms
1111545.859,1251753.935,1605.8483,K1ls_ms
1111623.096,1251505.672,1616.2232,K1ls_ms

1111028.963,1253415.386,1575.6512,K1ls_ms
1111141.848,1253052.54,1577.3738,K1ls_ms
1111227.997,1252775.632,1586.8645,K1ls_ms
1111299.293,1252546.466,1598.9366,K1ls_ms
1111447.827,1252069.038,1601.1045,K1ls_ms
1111545.859,1251753.935,1605.8483,K1ls_ms
1111623.096,1251505.672,1616.2232,K1ls_ms

1111643.891,1251438.832,1598.7818,K1ls_ms
1111703.304,1251247.861,1604.9261,K1ls_ms
1111735.981,1251142.826,1618.853,K1ls_ms
1111771.629,1251028.244,1632.3703,K1ls_ms
1111825.101,1250856.369,1633.6404,K1ls_ms
1111878.573,1250684.495,1656.9885,K1ls_ms
1111958.781,1250426.684,1671.3466,K1ls_ms
1111973.635,1250378.941,1680.7678,K1ls_ms

1111988.488,1250331.198,1685.7642,K1ls_ms
1112050.872,1250130.678,1685.7642,K1ls_ms
1112151.874,1249806.027,1687.3624,K1ls_ms
1112246.936,1249500.473,1697.9186,K1ls_ms
1112318.232,1249271.307,1700.2782,K1ls_ms
1112350.909,1249166.273,1696.767,K1ls_ms

1112368.733,1249108.982,1672.4619,K1ls_ms
1112419.234,1248946.656,1671.8773,K1ls_ms
1112460.824,1248812.976,1673.6313,K1ls_ms
1112502.413,1248679.296,1671.2926,K1ls_ms

1112523.208,1248612.456,1673.5534,K1ls_ms
1112600.445,1248364.193,1675.2233,K1ls_ms
1112710.36,1248010.896,1675.5601,K1ls_ms
1112876.717,1247476.176,1672.8797,K1ls_ms
1113010.397,1247046.491,1674.7463,K1ls_ms
1113087.634,1246798.228,1676.3493,K1ls_ms

1113105.458,1246740.937,1674.506,K1ls_ms
1113206.461,1246416.285,1674.506,K1ls_ms
1113366.877,1245900.663,1674.506,K1ls_ms
1113402.525,1245786.08,1674.506,K1ls_ms

1113420.349,1245728.789,1671.641,K1ls_ms
1113631.266,1245050.84,1669.6601,K1ls_ms
1113729.298,1244735.738,1669.6601,K1ls_ms





1110577.422,1254866.768,1475.4345,K1ls_mm
1110755.662,1254293.854,1492.0204,K1ls_mm
1110898.254,1253835.523,1505.2625,K1ls_mm
1111008.168,1253482.226,1528.9962,K1ls_mm

1111028.963,1253415.386,1532.5646,K1ls_mm
1111118.083,1253128.929,1540.6888,K1ls_mm
1111201.261,1252861.569,1544.7509,K1ls_mm
1111337.912,1252422.335,1552.4159,K1ls_mm
1111441.885,1252088.135,1560.316,K1ls_mm
1111575.565,1251658.449,1562.9353,K1ls_mm
1111626.067,1251496.123,1567.772,K1ls_mm

1111643.891,1251438.832,1558.2353,K1ls_mm
1111706.275,1251238.312,1566.149,K1ls_mm
1111750.835,1251095.084,1580.3103,K1ls_mm
1111789.453,1250970.952,1587.0152,K1ls_mm
1111845.896,1250789.529,1600.3624,K1ls_mm
1111902.339,1250608.107,1624.1276,K1ls_mm
1111970.664,1250388.49,1629.1517,K1ls_mm

1111988.488,1250331.198,1632.5716,K1ls_mm
1112080.578,1250035.193,1646.7394,K1ls_mm
1112160.786,1249777.381,1642.2266,K1ls_mm
1112217.229,1249595.959,1659.7946,K1ls_mm
1112327.144,1249242.661,1658.6941,K1ls_mm
1112350.909,1249166.273,1658.1274,K1ls_mm

1112365.762,1249118.53,1635.4935,K1ls_mm
1112428.146,1248918.01,1634.5613,K1ls_mm
1112469.736,1248784.33,1636.8918,K1ls_mm
1112502.413,1248679.296,1632.6969,K1ls_mm

1112526.178,1248602.907,1629.8578,K1ls_mm
1112594.504,1248383.29,1630.9628,K1ls_mm
1112748.978,1247886.765,1629.9194,K1ls_mm
1112867.805,1247504.822,1634.3394,K1ls_mm
1113010.397,1247046.491,1629.053,K1ls_mm
1113090.605,1246788.68,1630.821,K1ls_mm

1113102.487,1246750.485,1631.4918,K1ls_mm
1113194.578,1246454.48,1631.5115,K1ls_mm
1113277.757,1246187.12,1631.8294,K1ls_mm
1113363.906,1245910.211,1632.8085,K1ls_mm
1113405.495,1245776.531,1633.1031,K1ls_mm

1113423.319,1245719.24,1631.5433,K1ls_mm
1113577.794,1245222.714,1631.5433,K1ls_mm
1113658.002,1244964.903,1633.9426,K1ls_mm
1113729.298,1244735.738,1641.9402,K1ls_mm








1109801.424,1241409.746,1567.08,K1ls_ms

1110569.862,1239458.194,1483.59,K1ls_ms


1102497.744,1248992.597,905.02,K1ls_ms
1102497.744,1248992.597,872.02,K1ls_mm

1110442.758,1253513.917,1513.38,K1ls_ms
1110442.758,1253513.917,1487.38,K1ls_mm


1101665.02,1248455.202,653.1163,K1ls_mi
1101732.618,1248497.986,654.501,K1ls_mi
1101774.867,1248524.726,673.8872,K1ls_mi
1101825.566,1248556.814,671.1176,K1ls_mi
1101969.213,1248647.73,694.658,K1ls_mi
1102104.41,1248733.297,712.6595,K1ls_mi
1102172.008,1248776.081,728.5841,K1ls_mi
1102467.751,1248963.26,760.288,K1ls_mi
1102780.394,1249161.135,808.0556,K1ls_mi
1102991.639,1249294.835,843.9224,K1ls_mi
1103312.731,1249498.058,896.9121,K1ls_mi
1103515.526,1249626.409,926.7669,K1ls_mi
1103777.47,1249792.196,968.6555,K1ls_mi
1104107.013,1250000.768,1027.6403,K1ls_mi
1104436.555,1250209.339,1072.0683,K1ls_mi
1104732.298,1250396.518,1130.1374,K1ls_mi
1104960.443,1250540.913,1156.5801,K1ls_mi
1105230.836,1250712.048,1201.8528,K1ls_mi

1108298.114,1252653.364,1438.8165,K1ls_mi
1108644.556,1252872.631,1440.0544,K1ls_mi

1108701.133,1252914.306,1441.7868,K1ls_mi
1109934.427,1253695.706,1442.1965,K1ls_mi
1109934.427,1253695.706,1442.1965,K1ls_mi
1113127.476,1255718.782,1494.078,K1ls_mi


1110532.862,1255009.996,1347.0728,K1ls_mi
1110627.923,1254704.442,1358.7745,K1ls_mi
1110779.427,1254217.465,1378.1914,K1ls_mi
1110945.784,1253682.746,1403.3023,K1ls_mi
1111005.198,1253491.774,1409.5798,K1ls_mi

1111023.022,1253434.483,1417.8217,K1ls_mi
1111135.907,1253071.637,1421.4358,K1ls_mi
1111281.469,1252603.757,1431.8044,K1ls_mi
1111456.739,1252040.392,1433.8682,K1ls_mi
1111566.653,1251687.095,1436.4505,K1ls_mi
1111626.067,1251496.123,1440.0646,K1ls_mi

1111643.891,1251438.832,1425.7952,K1ls_mi
1111735.981,1251142.826,1452.3583,K1ls_mi
1111816.189,1250885.015,1480.5151,K1ls_mi
1111902.339,1250608.107,1506.0405,K1ls_mi
1111970.664,1250388.49,1532.0724,K1ls_mi

1111991.459,1250321.65,1533.5213,K1ls_mi
1112137.021,1249853.77,1548.885,K1ls_mi
1112199.405,1249653.25,1559.2813,K1ls_mi
1112306.349,1249309.501,1575.091,K1ls_mi
1112353.88,1249156.724,1575.5421,K1ls_mi

1112371.704,1249099.433,1542.7347,K1ls_mi
1112419.234,1248946.656,1542.1402,K1ls_mi
1112472.706,1248774.782,1543.3292,K1ls_mi
1112502.413,1248679.296,1543.9237,K1ls_mi

1112520.237,1248622.005,1549.6837,K1ls_mi
1112642.034,1248230.513,1548.9671,K1ls_mi
1112814.333,1247676.696,1546.8428,K1ls_mi
1112953.954,1247227.914,1545.4158,K1ls_mi
1113090.605,1246788.68,1547.5868,K1ls_mi

1113102.487,1246750.485,1547.5022,K1ls_mi
1113209.431,1246406.737,1550.1089,K1ls_mi
1113304.493,1246101.183,1554.3264,K1ls_mi
1113405.495,1245776.531,1558.5149,K1ls_mi

1113420.349,1245728.789,1558.6689,K1ls_mi
1113571.853,1245241.812,1558.6689,K1ls_mi
1113655.031,1244974.452,1561.397,K1ls_mi
1113726.327,1244745.286,1573.0892,K1ls_mi





1118141,1250112,1611,K1ls_ms
1117048,1253030,1695,K1ls_ms
1117740,1251894,1667,K1ls_ms
1108002,1247045,1489,K1ls_ms
1107607,1248017,1508,K1ls_ms
1107784,1249507,1533,K1ls_ms
1104512,1248749,1231,K1ls_ms
1104614,1252074,1171,K1ls_ms
1102314,1251255,838,K1ls_ms
1110105,1250782,1619,K1ls_ms





1104525,1247819,1129,K1ls_mi
1106972,1247076,1335,K1ls_mi
1105765,1249127,1349,K1ls_mi
1107012,1248445,1405,K1ls_mi
1108610,1248691,1642,K1ls_mi




1111292,1252037,1598,K1ls_ms
1110507,1252336,1573,K1ls_ms
1108907,1252932,1560,K1ls_ms
1115339,1246481,1651,K1ls_ms
1115762,1247663,1700,K1ls_ms
1116180,1248933,1633,K1ls_ms
1101741,1249855,778,K1ls_ms
1102898,1248716,1008,K1ls_ms
1101630,1247681,970,K1ls_ms
1103917,1245837,1145,K1ls_ms
1105099,1242557,1155,K1ls_ms
1105999,1241276,1226,K1ls_ms
1108335,1239276,1399,K1ls_ms
1110045,1239301,1543,K1ls_ms
1109578,1242775,1556,K1ls_ms
1109934,1241192,1494,K1ls_ms
1111697,1241908,1546,K1ls_ms
1110919,1242853,1512,K1ls_ms

1114480,1245257,1591,K1ls_ms

1110268,1254092,1551,K1ls_ms
1108038,1253261,1543,K1ls_ms




1107589,1253173,1485,K1ls_mm
1107903,1253418,1479,K1ls_mm
1106634,1248868,1472,K1ls_mm
1107566,1247503,1426,K1ls_mm
1106354,1246745,1335,K1ls_mm
1107452,1247060,1405,K1ls_mm





1108803,1253494,1497,K1ls_mm

1107393,1250119,1350,K1ls_mi
1109029,1250159,1450,K1ls_mi
1110220,1251508,1436,K1ls_mi
1107506,1252871,1393,K1ls_mi



1105078,1251962,1106,K1ls_mi
1103646,1251990,811,K1ls_mi




1100883,1248579,516,K1ls_mi
1101631,1248345,718,K1ls_mi
1100759,1250917,453,K1ls_mi
1101215,1251394,570,K1ls_mi
1102161,1251442,704,K1ls_mi
1102949,1251721,751,K1ls_mi
1105859,1250228,1253,K1ls_mi


1100073,1246886,509,K1ls_mi


1109974.377,1256805.127,1468.3603,K1ls_ms
1110024.878,1256642.802,1468.3603,K1ls_ms
1110105.086,1256384.99,1463.3704,K1ls_ms
1110194.206,1256098.533,1473.7925,K1ls_ms
1110298.179,1255764.333,1488.557,K1ls_ms


1109974.377,1256805.127,1430.1705,K1ls_mm
1110024.878,1256642.802,1426.6085,K1ls_mm
1110063.497,1256518.67,1429.1528,K1ls_mm

1109974.377,1256805.127,1303.3545,K1ls_mi
1110030.819,1256623.704,1304.6744,K1ls_mi



1101433,1248088,921.25928,F.LosSantos
1101629,1247685,957.69421,F.LosSantos
1102055,1247412,1006.12146,F.LosSantos
1102533,1247106,1023.04071,F.LosSantos
1102932,1246973,1058.46545,F.LosSantos
1103324,1246665,1077.77502,F.LosSantos
1103713,1246307,1114.20337,F.LosSantos
1103848,1246102,1144.74622,F.LosSantos
1103916,1245804,1139.58154,F.LosSantos
1103996,1245245,1132.60449,F.LosSantos
1104052,1244775,1131.35022,F.LosSantos
1104516,1243718,1191.64429,F.LosSantos
1104292,1244315,1147.0614,F.LosSantos
1104767,1242918,1146.56287,F.LosSantos
1105465,1241928,1168.86108,F.LosSantos
1105946,1241345,1204.9884,F.LosSantos
1106109,1240969,1218.14172,F.LosSantos
1106292,1240698,1228.71191,F.LosSantos
1106353,1240373,1246.37903,F.LosSantos

1100915.403,1248825.642,365.15631,F.Potreros
1102004.974,1248493.354,938.98596,F.Potreros
1102805.941,1248336.615,1001.5451,F.Potreros
1103090.846,1248305.158,1012.36493,F.Potreros
1103408.722,1248234.104,1018.53473,F.Potreros
1103630.69,1248234.104,1023.17792,F.Potreros
1103904.653,1248135.877,1019.32977,F.Potreros
1104127.029,1248051.562,1025.12158,F.Potreros
1104396.805,1247984.687,1047.6698,F.Potreros
1105089.029,1247955.429,1082.83313,F.Potreros
1105467.79,1247995.179,1113.80127,F.Potreros
1105828.896,1247977.939,1133.83044,F.Potreros
1105987.586,1247918.922,1136.20361,F.Potreros
1107432.144,1247281.519,1356.12415,F.Potreros
1108144.484,1247003.601,1541.25818,F.Potreros
1108687.592,1246778.632,1604.69507,F.Potreros
1109039.324,1246710.875,1625.23083,F.Potreros
1109329.608,1246647.354,1628.65918,F.Potreros
1110412.981,1246295.47,1643.38513,F.Potreros
1110746.18,1246136.272,1640.9281,F.Potreros
1111354.293,1245935.12,1633.32104,F.Potreros
1111890.365,1245759.376,1631.85022,F.Potreros
1112285.125,1245669.917,1632.27539,F.Potreros
1113581.652,1244898.119,1700.95801,F.Potreros
1113679.438,1244834.388,1708.89587,F.Potreros
1114107.582,1244489.418,1410.44006,F.Potreros
1114677.467,1244309.342,1236.59509,F.Potreros
1115239.9,1244141.686,1012.7923,F.Potreros

1108399.092,1250216.557,1242.0177,F.Aljibe

1108014.109,1250811.408,1124.16858,F.Aljibe

1107371.933,1251221.909,1032.82959,F.Aljibe

1106244.564,1251641.463,787.74384,F.Aljibe
                    

1108729.878,1249811.271,1321.20837,F.Aljibe
1108939,1249682.086,1379.99341,F.Aljibe
1109390.191,1249573.166,1558.52588,F.Aljibe
1110545.274,1249508.517,1662.05872,F.Aljibe
1111319.124,1249462.321,1667.79565,F.Aljibe
1112680.837,1248922.255,1694.0105,F.Aljibe
1113814.888,1248418.507,1690.84497,F.Aljibe
1114967.876,1247899.211,1747.11768,F.Aljibe
1115350.215,1247755.504,1774.97583,F.Aljibe
1115722.845,1247689.183,1744.48083,F.Aljibe
1116005.303,1247559.961,1531.01721,F.Aljibe
1117312.859,1246934.711,1157.52332,F.Aljibe



1109136.363,1254216.772,983.18555,F.Honda
1109031.509,1254421.286,993.36646,F.Honda
1108937.965,1254569.28,932.29303,F.Honda
1108730.677,1254832.196,869.55853,F.Honda
1108347.897,1255098.569,830.52429,F.Honda
1108198.695,1255168.213,810.61865,F.Honda
1108065.881,1255294.747,800.44135,F.Honda
1107968.567,1255455.294,740.42206,F.Honda
1107718.383,1255730.624,698.7702,F.Honda
1109188.218,1254118.701,1063.15027,F.Honda
1109572.195,1253793.42,1147.3634,F.Honda
1110065.327,1253549.945,1307.55212,F.Honda
1110264.141,1253405.81,1466.75818,F.Honda
1111157.303,1253050.965,1602.21631,F.Honda
1111978.374,1252631.675,1614.45422,F.Honda
1112997.483,1252068.654,1616.83545,F.Honda
1113830.268,1251339.06,1633.18359,F.Honda
1114111.071,1250938.005,1635.49719,F.Honda
1114723.148,1250152.478,1640.62598,F.Honda
1115338.348,1249600.28,1636.5,F.Honda
1115975.625,1249136.573,1624.78589,F.Honda
1117273.667,1248477.801,1035.54614,F.Honda

1109658.614,1256992.824,1018.55231,F.Lejia
1110193.42,1256535.821,1396.10376,F.Lejia
1110794.45,1256550.529,1460.01929,F.Lejia
1111740.894,1256377.433,1571.23047,F.Lejia
1112544.263,1256098.33,1585.38672,F.Lejia
1113772.146,1255426.71,1665.8623,F.Lejia
1114971.823,1254613.843,1689.53137,F.Lejia
1115609.393,1254183.156,1683.05359,F.Lejia
1116522.927,1253687.143,1702.82141,F.Lejia
1117207.559,1253068.774,1649.15588,F.Lejia
1117694.752,1252867.507,1472.84863,F.Lejia
1118551.466,1252657.398,1152.79688,F.Lejia

1113333,1258786,1492.16479,Falla_SJ
1113004,1258684,1617.43579,Falla_SJ
1112640,1258569,1609.02771,Falla_SJ
1112051,1258419,1582.8988,Falla_SJ
1111367,1258250,1406.44861,Falla_SJ
1111126,1258145,1397.57129,Falla_SJ
1110707,1258147,1356.20813,Falla_SJ
1109163,1257159,888.31055,Falla_SJ
1108707,1256995,803.71204,Falla_SJ
1108101,1256853,748.49603,Falla_SJ
1107340,1256047,654.02716,Falla_SJ
1106976,1255920,636.26324,Falla_SJ
1106097,1255493,572.07758,Falla_SJ
1105479,1255179,554.58698,Falla_SJ

1104738,1254883,530.5954,Falla_SJ
1104257,1254751,476.22287,Falla_SJ
1103997,1254606,586.13239,Falla_SJ
1103738,1254556,495.09052,Falla_SJ
1103436,1254469,452.55902,Falla_SJ
1103275,1254406,511.29611,Falla_SJ
1102927,1254346,436.26727,Falla_SJ
1102428,1254156,440.74371,Falla_SJ
1102284,1254131,388.86667,Falla_SJ
1101783,1253827,416.13889,Falla_SJ
1101538,1253711,415.04852,Falla_SJ
1101040,1253426,336.99631,Falla_SJ
1101326,1253566,378.19983,Falla_SJ
1100577,1253177,335.90189,Falla_SJ
1100876,1253319,375.37766,Falla_SJ

1101341,1253576,378.19983,Falla_SJ
1102449,1254155,440.74371,Falla_SJ
1104280,1254761,491.72525,Falla_SJ
1104756,1254900,551.6853,Falla_SJ
1106946,1255910,630.21301,Falla_SJ
1107612,1256204,688.95392,Falla_SJ
1107901,1256649,719.02417,Falla_SJ
1109747,1257823,1050.91467,Falla_SJ


1100634.989,1251770.041,320.71622,F_NN1
1100835.306,1251733.316,319.64932,F_NN1
1101070.679,1251770.041,337.41879,F_NN1
1101666.623,1251765.033,376.73248,F_NN1
1102309.307,1251968.689,439.96252,F_NN1
1102451.199,1251975.367,447.28036,F_NN1
1102653.185,1252062.171,433.42838,F_NN1
1103032.119,1252118.927,534.92004,F_NN1
1103247.46,1252217.417,475.68759,F_NN1
1103676.473,1252462.805,523.27802,F_NN1
1104128.021,1252615.547,569.56769,F_NN1
1104346.701,1252735.738,569.16064,F_NN1
1104668.878,1252782.478,622.04309,F_NN1
1104899.243,1252849.251,663.79126,F_NN1
1105396.698,1252931.047,682.87061,F_NN1
1106343.197,1253336.689,1002.71844,F_NN1
1107264.656,1253804.096,1238.39929,F_NN1
1108499.946,1254091.218,1261.80273,F_NN1
1109122.599,1254154.652,1025.74219,F_NN1




1106236.168,1247242.182,1235.86353,F.Mojarra
1106451.796,1246964.005,1295.29272,F.Mojarra
1106762.893,1246555.794,1432.11072,F.Mojarra
1107120.077,1246266.096,1581.15894,F.Mojarra
1107524.997,1245862.822,1591.93359,F.Mojarra
1107999.049,1245364.08,1664.76343,F.Mojarra
1108338.127,1245008.541,1641.3938,F.Mojarra
1108627.826,1244480.171,1607.97852,F.Mojarra
1109034.391,1243778.969,1615.71851,F.Mojarra
1109101.878,1243668.687,1608.0686,F.Mojarra
1109220.391,1243383.926,1606.70923,F.Mojarra
1109487.045,1242913.166,1569.74524,F.Mojarra
1109617.08,1242740.335,1524.99634,F.Mojarra
1109733.947,1242509.893,1466.03296,F.Mojarra
1110158.618,1242106.62,1348.38196,F.Mojarra
1110421.98,1241668.78,1197.84766,F.Mojarra
1110667.236,1241099.26,1073.66748,F.Mojarra
1110807.147,1240822.73,1041.46069,F.Mojarra
1111042.527,1240533.031,1011.17194,F.Mojarra



1109338.903,1246231.529,1630.77869,F.Calaveras
1109546.301,1245971.459,1629.49402,F.Calaveras
1109669.752,1245792.044,1634.34998,F.Calaveras
1110028.583,1245413.461,1627.86804,F.Calaveras
1110234.335,1245192.895,1622.62122,F.Calaveras
1110626.086,1244751.763,1619.81494,F.Calaveras
1110770.935,1244549.304,1617.7594,F.Calaveras
1110917.43,1244412.685,1618.04211,F.Calaveras
1111406.296,1243797.076,1623.48914,F.Calaveras
1111802.985,1243319.732,1660.67224,F.Calaveras
1111995.569,1243044.848,1658.14539,F.Calaveras
1112268.807,1242416.07,1675.77417,F.Calaveras
1112431.763,1242172.46,1667.74109,F.Calaveras
1112528.877,1241937.081,1627.59851,F.Calaveras
1112586.488,1241704.993,1409.37988,F.Calaveras
1112848.204,1241300.073,1160.21436,F.Calaveras